   1    1  1.000 
   1    2  1.000 
   1    3  1.000 
   1    4  1.000 
   1    5  1.000 
   1    6  1.000 
   1    7  1.000 
   1    8  1.000 
   1    9  1.000 
   1   10  1.000 
   1   11  1.000 
   1   12  1.000 
   1   13  1.000 
   1   14  1.000 
   1   15  1.000 
   1   16  1.000 
   1   17  1.000 
   1   18  1.000 
   1   19  1.000 
   1   20  1.000 
   2   21  1.000 
   2   22  1.000 
   2   23  1.000 
   2   24  1.000 
   2   25  1.000 
   2   26  1.000 
   2   27  1.000 
   2   28  1.000 
   2   29  1.000 
   2   30  1.000 
   2   31  1.000 
   2   32  1.000 
   2   33  1.000 
   2   34  1.000 
   2   35  1.000 
   2   36  1.000 
   2   37  1.000 
   2   38  1.000 
   2   39  1.000 
   2   40  1.000 
   3   41  1.000 
   3   42  1.000 
   3   43  1.000 
   3   44  1.000 
   3   45  1.000 
   3   46  1.000 
   3   47  1.000 
   3   48  1.000 
   3   49  1.000 
   3   50  1.000 
   3   51  1.000 
   3   52  1.000 
   3   53  1.000 
   3   54  1.000 
   3   55  1.000 
   3   56  1.000 
   3   57  1.000 
   3   58  1.000 
   3   59  1.000 
   3   60  1.000 
   4   61  1.000 
   4   62  1.000 
   4   63  1.000 
   4   64  1.000 
   4   65  1.000 
   4   66  1.000 
   4   67  1.000 
   4   68  1.000 
   4   69  1.000 
   4   70  1.000 
   4   71  1.000 
   4   72  1.000 
   4   73  1.000 
   4   74  1.000 
   4   75  1.000 
   4   76  1.000 
   4   77  1.000 
   4   78  1.000 
   4   79  1.000 
   4   80  1.000 
   5   81  1.000 
   5   82  1.000 
   5   83  1.000 
   5   84  1.000 
   5   85  1.000 
   5   86  1.000 
   5   87  1.000 
   5   88  1.000 
   5   89  1.000 
   5   90  1.000 
   5   91  1.000 
   5   92  1.000 
   5   93  1.000 
   5   94  1.000 
   5   95  1.000 
   5   96  1.000 
   5   97  1.000 
   5   98  1.000 
   5   99  1.000 
   5  100  1.000 
   6  101  1.000 
   6  102  1.000 
   6  103  1.000 
   6  104  1.000 
   6  105  1.000 
   6  106  1.000 
   6  107  1.000 
   6  108  1.000 
   6  109  1.000 
   6  110  1.000 
   6  111  1.000 
   6  112  1.000 
   6  113  1.000 
   6  114  1.000 
   6  115  1.000 
   6  116  1.000 
   6  117  1.000 
   6  118  1.000 
   6  119  1.000 
   6  120  1.000 
   7  121  1.000 
   7  122  1.000 
   7  123  1.000 
   7  124  1.000 
   7  125  1.000 
   7  126  1.000 
   7  127  1.000 
   7  128  1.000 
   7  129  1.000 
   7  130  1.000 
   7  131  1.000 
   7  132  1.000 
   7  133  1.000 
   7  134  1.000 
   7  135  1.000 
   7  136  1.000 
   7  137  1.000 
   7  138  1.000 
   7  139  1.000 
   7  140  1.000 
   8  141  1.000 
   8  142  1.000 
   8  143  1.000 
   8  144  1.000 
   8  145  1.000 
   8  146  1.000 
   8  147  1.000 
   8  148  1.000 
   8  149  1.000 
   8  150  1.000 
   8  151  1.000 
   8  152  1.000 
   8  153  1.000 
   8  154  1.000 
   8  155  1.000 
   8  156  1.000 
   8  157  1.000 
   8  158  1.000 
   8  159  1.000 
   8  160  1.000 
   9  161  1.000 
   9  162  1.000 
   9  163  1.000 
   9  164  1.000 
   9  165  1.000 
   9  166  1.000 
   9  167  1.000 
   9  168  1.000 
   9  169  1.000 
   9  170  1.000 
   9  171  1.000 
   9  172  1.000 
   9  173  1.000 
   9  174  1.000 
   9  175  1.000 
   9  176  1.000 
   9  177  1.000 
   9  178  1.000 
   9  179  1.000 
   9  180  1.000 
  10  181  1.000 
  10  182  1.000 
  10  183  1.000 
  10  184  1.000 
  10  185  1.000 
  10  186  1.000 
  10  187  1.000 
  10  188  1.000 
  10  189  1.000 
  10  190  1.000 
  10  191  1.000 
  10  192  1.000 
  10  193  1.000 
  10  194  1.000 
  10  195  1.000 
  10  196  1.000 
  10  197  1.000 
  10  198  1.000 
  10  199  1.000 
  10  200  1.000 
  11  201  1.000 
  11  202  1.000 
  11  203  1.000 
  11  204  1.000 
  11  205  1.000 
  11  206  1.000 
  11  207  1.000 
  11  208  1.000 
  11  209  1.000 
  11  210  1.000 
  11  211  1.000 
  11  212  1.000 
  11  213  1.000 
  11  214  1.000 
  11  215  1.000 
  11  216  1.000 
  11  217  1.000 
  11  218  1.000 
  11  219  1.000 
  11  220  1.000 
  12  221  1.000 
  12  222  1.000 
  12  223  1.000 
  12  224  1.000 
  12  225  1.000 
  12  226  1.000 
  12  227  1.000 
  12  228  1.000 
  12  229  1.000 
  12  230  1.000 
  12  231  1.000 
  12  232  1.000 
  12  233  1.000 
  12  234  1.000 
  12  235  1.000 
  12  236  1.000 
  12  237  1.000 
  12  238  1.000 
  12  239  1.000 
  12  240  1.000 
  13  241  1.000 
  13  242  1.000 
  13  243  1.000 
  13  244  1.000 
  13  245  1.000 
  13  246  1.000 
  13  247  1.000 
  13  248  1.000 
  13  249  1.000 
  13  250  1.000 
  13  251  1.000 
  13  252  1.000 
  13  253  1.000 
  13  254  1.000 
  13  255  1.000 
  13  256  1.000 
  13  257  1.000 
  13  258  1.000 
  13  259  1.000 
  13  260  1.000 
  14  261  1.000 
  14  262  1.000 
  14  263  1.000 
  14  264  1.000 
  14  265  1.000 
  14  266  1.000 
  14  267  1.000 
  14  268  1.000 
  14  269  1.000 
  14  270  1.000 
  14  271  1.000 
  14  272  1.000 
  14  273  1.000 
  14  274  1.000 
  14  275  1.000 
  14  276  1.000 
  14  277  1.000 
  14  278  1.000 
  14  279  1.000 
  14  280  1.000 
  15  281  1.000 
  15  282  1.000 
  15  283  1.000 
  15  284  1.000 
  15  285  1.000 
  15  286  1.000 
  15  287  1.000 
  15  288  1.000 
  15  289  1.000 
  15  290  1.000 
  15  291  1.000 
  15  292  1.000 
  15  293  1.000 
  15  294  1.000 
  15  295  1.000 
  15  296  1.000 
  15  297  1.000 
  15  298  1.000 
  15  299  1.000 
  15  300  1.000 
  16  301  1.000 
  16  302  1.000 
  16  303  1.000 
  16  304  1.000 
  16  305  1.000 
  16  306  1.000 
  16  307  1.000 
  16  308  1.000 
  16  309  1.000 
  16  310  1.000 
  16  311  1.000 
  16  312  1.000 
  16  313  1.000 
  16  314  1.000 
  16  315  1.000 
  16  316  1.000 
  16  317  1.000 
  16  318  1.000 
  16  319  1.000 
  16  320  1.000 
  17  321  1.000 
  17  322  1.000 
  17  323  1.000 
  17  324  1.000 
  17  325  1.000 
  17  326  1.000 
  17  327  1.000 
  17  328  1.000 
  17  329  1.000 
  17  330  1.000 
  17  331  1.000 
  17  332  1.000 
  17  333  1.000 
  17  334  1.000 
  17  335  1.000 
  17  336  1.000 
  17  337  1.000 
  17  338  1.000 
  17  339  1.000 
  17  340  1.000 
  18  341  1.000 
  18  342  1.000 
  18  343  1.000 
  18  344  1.000 
  18  345  1.000 
  18  346  1.000 
  18  347  1.000 
  18  348  1.000 
  18  349  1.000 
  18  350  1.000 
  18  351  1.000 
  18  352  1.000 
  18  353  1.000 
  18  354  1.000 
  18  355  1.000 
  18  356  1.000 
  18  357  1.000 
  18  358  1.000 
  18  359  1.000 
  18  360  1.000 
  19  361  1.000 
  19  362  1.000 
  19  363  1.000 
  19  364  1.000 
  19  365  1.000 
  19  366  1.000 
  19  367  1.000 
  19  368  1.000 
  19  369  1.000 
  19  370  1.000 
  19  371  1.000 
  19  372  1.000 
  19  373  1.000 
  19  374  1.000 
  19  375  1.000 
  19  376  1.000 
  19  377  1.000 
  19  378  1.000 
  19  379  1.000 
  19  380  1.000 
  20  381  1.000 
  20  382  1.000 
  20  383  1.000 
  20  384  1.000 
  20  385  1.000 
  20  386  1.000 
  20  387  1.000 
  20  388  1.000 
  20  389  1.000 
  20  390  1.000 
  20  391  1.000 
  20  392  1.000 
  20  393  1.000 
  20  394  1.000 
  20  395  1.000 
  20  396  1.000 
  20  397  1.000 
  20  398  1.000 
  20  399  1.000 
  20  400  1.000 
  21    1  1.000 
  21   21  1.000 
  21   41  1.000 
  21   61  1.000 
  21   81  1.000 
  21  101  1.000 
  21  121  1.000 
  21  141  1.000 
  21  161  1.000 
  21  181  1.000 
  21  201  1.000 
  21  221  1.000 
  21  241  1.000 
  21  261  1.000 
  21  281  1.000 
  21  301  1.000 
  21  321  1.000 
  21  341  1.000 
  21  361  1.000 
  21  381  1.000 
  22    2  1.000 
  22   22  1.000 
  22   42  1.000 
  22   62  1.000 
  22   82  1.000 
  22  102  1.000 
  22  122  1.000 
  22  142  1.000 
  22  162  1.000 
  22  182  1.000 
  22  202  1.000 
  22  222  1.000 
  22  242  1.000 
  22  262  1.000 
  22  282  1.000 
  22  302  1.000 
  22  322  1.000 
  22  342  1.000 
  22  362  1.000 
  22  382  1.000 
  23    3  1.000 
  23   23  1.000 
  23   43  1.000 
  23   63  1.000 
  23   83  1.000 
  23  103  1.000 
  23  123  1.000 
  23  143  1.000 
  23  163  1.000 
  23  183  1.000 
  23  203  1.000 
  23  223  1.000 
  23  243  1.000 
  23  263  1.000 
  23  283  1.000 
  23  303  1.000 
  23  323  1.000 
  23  343  1.000 
  23  363  1.000 
  23  383  1.000 
  24    4  1.000 
  24   24  1.000 
  24   44  1.000 
  24   64  1.000 
  24   84  1.000 
  24  104  1.000 
  24  124  1.000 
  24  144  1.000 
  24  164  1.000 
  24  184  1.000 
  24  204  1.000 
  24  224  1.000 
  24  244  1.000 
  24  264  1.000 
  24  284  1.000 
  24  304  1.000 
  24  324  1.000 
  24  344  1.000 
  24  364  1.000 
  24  384  1.000 
  25    5  1.000 
  25   25  1.000 
  25   45  1.000 
  25   65  1.000 
  25   85  1.000 
  25  105  1.000 
  25  125  1.000 
  25  145  1.000 
  25  165  1.000 
  25  185  1.000 
  25  205  1.000 
  25  225  1.000 
  25  245  1.000 
  25  265  1.000 
  25  285  1.000 
  25  305  1.000 
  25  325  1.000 
  25  345  1.000 
  25  365  1.000 
  25  385  1.000 
  26    6  1.000 
  26   26  1.000 
  26   46  1.000 
  26   66  1.000 
  26   86  1.000 
  26  106  1.000 
  26  126  1.000 
  26  146  1.000 
  26  166  1.000 
  26  186  1.000 
  26  206  1.000 
  26  226  1.000 
  26  246  1.000 
  26  266  1.000 
  26  286  1.000 
  26  306  1.000 
  26  326  1.000 
  26  346  1.000 
  26  366  1.000 
  26  386  1.000 
  27    7  1.000 
  27   27  1.000 
  27   47  1.000 
  27   67  1.000 
  27   87  1.000 
  27  107  1.000 
  27  127  1.000 
  27  147  1.000 
  27  167  1.000 
  27  187  1.000 
  27  207  1.000 
  27  227  1.000 
  27  247  1.000 
  27  267  1.000 
  27  287  1.000 
  27  307  1.000 
  27  327  1.000 
  27  347  1.000 
  27  367  1.000 
  27  387  1.000 
  28    8  1.000 
  28   28  1.000 
  28   48  1.000 
  28   68  1.000 
  28   88  1.000 
  28  108  1.000 
  28  128  1.000 
  28  148  1.000 
  28  168  1.000 
  28  188  1.000 
  28  208  1.000 
  28  228  1.000 
  28  248  1.000 
  28  268  1.000 
  28  288  1.000 
  28  308  1.000 
  28  328  1.000 
  28  348  1.000 
  28  368  1.000 
  28  388  1.000 
  29    9  1.000 
  29   29  1.000 
  29   49  1.000 
  29   69  1.000 
  29   89  1.000 
  29  109  1.000 
  29  129  1.000 
  29  149  1.000 
  29  169  1.000 
  29  189  1.000 
  29  209  1.000 
  29  229  1.000 
  29  249  1.000 
  29  269  1.000 
  29  289  1.000 
  29  309  1.000 
  29  329  1.000 
  29  349  1.000 
  29  369  1.000 
  29  389  1.000 
  30   10  1.000 
  30   30  1.000 
  30   50  1.000 
  30   70  1.000 
  30   90  1.000 
  30  110  1.000 
  30  130  1.000 
  30  150  1.000 
  30  170  1.000 
  30  190  1.000 
  30  210  1.000 
  30  230  1.000 
  30  250  1.000 
  30  270  1.000 
  30  290  1.000 
  30  310  1.000 
  30  330  1.000 
  30  350  1.000 
  30  370  1.000 
  30  390  1.000 
  31   11  1.000 
  31   31  1.000 
  31   51  1.000 
  31   71  1.000 
  31   91  1.000 
  31  111  1.000 
  31  131  1.000 
  31  151  1.000 
  31  171  1.000 
  31  191  1.000 
  31  211  1.000 
  31  231  1.000 
  31  251  1.000 
  31  271  1.000 
  31  291  1.000 
  31  311  1.000 
  31  331  1.000 
  31  351  1.000 
  31  371  1.000 
  31  391  1.000 
  32   12  1.000 
  32   32  1.000 
  32   52  1.000 
  32   72  1.000 
  32   92  1.000 
  32  112  1.000 
  32  132  1.000 
  32  152  1.000 
  32  172  1.000 
  32  192  1.000 
  32  212  1.000 
  32  232  1.000 
  32  252  1.000 
  32  272  1.000 
  32  292  1.000 
  32  312  1.000 
  32  332  1.000 
  32  352  1.000 
  32  372  1.000 
  32  392  1.000 
  33   13  1.000 
  33   33  1.000 
  33   53  1.000 
  33   73  1.000 
  33   93  1.000 
  33  113  1.000 
  33  133  1.000 
  33  153  1.000 
  33  173  1.000 
  33  193  1.000 
  33  213  1.000 
  33  233  1.000 
  33  253  1.000 
  33  273  1.000 
  33  293  1.000 
  33  313  1.000 
  33  333  1.000 
  33  353  1.000 
  33  373  1.000 
  33  393  1.000 
  34   14  1.000 
  34   34  1.000 
  34   54  1.000 
  34   74  1.000 
  34   94  1.000 
  34  114  1.000 
  34  134  1.000 
  34  154  1.000 
  34  174  1.000 
  34  194  1.000 
  34  214  1.000 
  34  234  1.000 
  34  254  1.000 
  34  274  1.000 
  34  294  1.000 
  34  314  1.000 
  34  334  1.000 
  34  354  1.000 
  34  374  1.000 
  34  394  1.000 
  35   15  1.000 
  35   35  1.000 
  35   55  1.000 
  35   75  1.000 
  35   95  1.000 
  35  115  1.000 
  35  135  1.000 
  35  155  1.000 
  35  175  1.000 
  35  195  1.000 
  35  215  1.000 
  35  235  1.000 
  35  255  1.000 
  35  275  1.000 
  35  295  1.000 
  35  315  1.000 
  35  335  1.000 
  35  355  1.000 
  35  375  1.000 
  35  395  1.000 
  36   16  1.000 
  36   36  1.000 
  36   56  1.000 
  36   76  1.000 
  36   96  1.000 
  36  116  1.000 
  36  136  1.000 
  36  156  1.000 
  36  176  1.000 
  36  196  1.000 
  36  216  1.000 
  36  236  1.000 
  36  256  1.000 
  36  276  1.000 
  36  296  1.000 
  36  316  1.000 
  36  336  1.000 
  36  356  1.000 
  36  376  1.000 
  36  396  1.000 
  37   17  1.000 
  37   37  1.000 
  37   57  1.000 
  37   77  1.000 
  37   97  1.000 
  37  117  1.000 
  37  137  1.000 
  37  157  1.000 
  37  177  1.000 
  37  197  1.000 
  37  217  1.000 
  37  237  1.000 
  37  257  1.000 
  37  277  1.000 
  37  297  1.000 
  37  317  1.000 
  37  337  1.000 
  37  357  1.000 
  37  377  1.000 
  37  397  1.000 
  38   18  1.000 
  38   38  1.000 
  38   58  1.000 
  38   78  1.000 
  38   98  1.000 
  38  118  1.000 
  38  138  1.000 
  38  158  1.000 
  38  178  1.000 
  38  198  1.000 
  38  218  1.000 
  38  238  1.000 
  38  258  1.000 
  38  278  1.000 
  38  298  1.000 
  38  318  1.000 
  38  338  1.000 
  38  358  1.000 
  38  378  1.000 
  38  398  1.000 
  39   19  1.000 
  39   39  1.000 
  39   59  1.000 
  39   79  1.000 
  39   99  1.000 
  39  119  1.000 
  39  139  1.000 
  39  159  1.000 
  39  179  1.000 
  39  199  1.000 
  39  219  1.000 
  39  239  1.000 
  39  259  1.000 
  39  279  1.000 
  39  299  1.000 
  39  319  1.000 
  39  339  1.000 
  39  359  1.000 
  39  379  1.000 
  39  399  1.000 
  40   20  1.000 
  40   40  1.000 
  40   60  1.000 
  40   80  1.000 
  40  100  1.000 
  40  120  1.000 
  40  140  1.000 
  40  160  1.000 
  40  180  1.000 
  40  200  1.000 
  40  220  1.000 
  40  240  1.000 
  40  260  1.000 
  40  280  1.000 
  40  300  1.000 
  40  320  1.000 
  40  340  1.000 
  40  360  1.000 
  40  380  1.000 
  40  400  1.000 
  41    1  1.414 
  42    2  1.414 
  42   21  1.414 
  43    3  1.414 
  43   22  1.414 
  43   41  1.414 
  44    4  1.414 
  44   23  1.414 
  44   42  1.414 
  44   61  1.414 
  45    5  1.414 
  45   24  1.414 
  45   43  1.414 
  45   62  1.414 
  45   81  1.414 
  46    6  1.414 
  46   25  1.414 
  46   44  1.414 
  46   63  1.414 
  46   82  1.414 
  46  101  1.414 
  47    7  1.414 
  47   26  1.414 
  47   45  1.414 
  47   64  1.414 
  47   83  1.414 
  47  102  1.414 
  47  121  1.414 
  48    8  1.414 
  48   27  1.414 
  48   46  1.414 
  48   65  1.414 
  48   84  1.414 
  48  103  1.414 
  48  122  1.414 
  48  141  1.414 
  49    9  1.414 
  49   28  1.414 
  49   47  1.414 
  49   66  1.414 
  49   85  1.414 
  49  104  1.414 
  49  123  1.414 
  49  142  1.414 
  49  161  1.414 
  50   10  1.414 
  50   29  1.414 
  50   48  1.414 
  50   67  1.414 
  50   86  1.414 
  50  105  1.414 
  50  124  1.414 
  50  143  1.414 
  50  162  1.414 
  50  181  1.414 
  51   11  1.414 
  51   30  1.414 
  51   49  1.414 
  51   68  1.414 
  51   87  1.414 
  51  106  1.414 
  51  125  1.414 
  51  144  1.414 
  51  163  1.414 
  51  182  1.414 
  51  201  1.414 
  52   12  1.414 
  52   31  1.414 
  52   50  1.414 
  52   69  1.414 
  52   88  1.414 
  52  107  1.414 
  52  126  1.414 
  52  145  1.414 
  52  164  1.414 
  52  183  1.414 
  52  202  1.414 
  52  221  1.414 
  53   13  1.414 
  53   32  1.414 
  53   51  1.414 
  53   70  1.414 
  53   89  1.414 
  53  108  1.414 
  53  127  1.414 
  53  146  1.414 
  53  165  1.414 
  53  184  1.414 
  53  203  1.414 
  53  222  1.414 
  53  241  1.414 
  54   14  1.414 
  54   33  1.414 
  54   52  1.414 
  54   71  1.414 
  54   90  1.414 
  54  109  1.414 
  54  128  1.414 
  54  147  1.414 
  54  166  1.414 
  54  185  1.414 
  54  204  1.414 
  54  223  1.414 
  54  242  1.414 
  54  261  1.414 
  55   15  1.414 
  55   34  1.414 
  55   53  1.414 
  55   72  1.414 
  55   91  1.414 
  55  110  1.414 
  55  129  1.414 
  55  148  1.414 
  55  167  1.414 
  55  186  1.414 
  55  205  1.414 
  55  224  1.414 
  55  243  1.414 
  55  262  1.414 
  55  281  1.414 
  56   16  1.414 
  56   35  1.414 
  56   54  1.414 
  56   73  1.414 
  56   92  1.414 
  56  111  1.414 
  56  130  1.414 
  56  149  1.414 
  56  168  1.414 
  56  187  1.414 
  56  206  1.414 
  56  225  1.414 
  56  244  1.414 
  56  263  1.414 
  56  282  1.414 
  56  301  1.414 
  57   17  1.414 
  57   36  1.414 
  57   55  1.414 
  57   74  1.414 
  57   93  1.414 
  57  112  1.414 
  57  131  1.414 
  57  150  1.414 
  57  169  1.414 
  57  188  1.414 
  57  207  1.414 
  57  226  1.414 
  57  245  1.414 
  57  264  1.414 
  57  283  1.414 
  57  302  1.414 
  57  321  1.414 
  58   18  1.414 
  58   37  1.414 
  58   56  1.414 
  58   75  1.414 
  58   94  1.414 
  58  113  1.414 
  58  132  1.414 
  58  151  1.414 
  58  170  1.414 
  58  189  1.414 
  58  208  1.414 
  58  227  1.414 
  58  246  1.414 
  58  265  1.414 
  58  284  1.414 
  58  303  1.414 
  58  322  1.414 
  58  341  1.414 
  59   19  1.414 
  59   38  1.414 
  59   57  1.414 
  59   76  1.414 
  59   95  1.414 
  59  114  1.414 
  59  133  1.414 
  59  152  1.414 
  59  171  1.414 
  59  190  1.414 
  59  209  1.414 
  59  228  1.414 
  59  247  1.414 
  59  266  1.414 
  59  285  1.414 
  59  304  1.414 
  59  323  1.414 
  59  342  1.414 
  59  361  1.414 
  60   20  1.414 
  60   39  1.414 
  60   58  1.414 
  60   77  1.414 
  60   96  1.414 
  60  115  1.414 
  60  134  1.414 
  60  153  1.414 
  60  172  1.414 
  60  191  1.414 
  60  210  1.414 
  60  229  1.414 
  60  248  1.414 
  60  267  1.414 
  60  286  1.414 
  60  305  1.414 
  60  324  1.414 
  60  343  1.414 
  60  362  1.414 
  60  381  1.414 
  61   40  1.414 
  61   59  1.414 
  61   78  1.414 
  61   97  1.414 
  61  116  1.414 
  61  135  1.414 
  61  154  1.414 
  61  173  1.414 
  61  192  1.414 
  61  211  1.414 
  61  230  1.414 
  61  249  1.414 
  61  268  1.414 
  61  287  1.414 
  61  306  1.414 
  61  325  1.414 
  61  344  1.414 
  61  363  1.414 
  61  382  1.414 
  62   60  1.414 
  62   79  1.414 
  62   98  1.414 
  62  117  1.414 
  62  136  1.414 
  62  155  1.414 
  62  174  1.414 
  62  193  1.414 
  62  212  1.414 
  62  231  1.414 
  62  250  1.414 
  62  269  1.414 
  62  288  1.414 
  62  307  1.414 
  62  326  1.414 
  62  345  1.414 
  62  364  1.414 
  62  383  1.414 
  63   80  1.414 
  63   99  1.414 
  63  118  1.414 
  63  137  1.414 
  63  156  1.414 
  63  175  1.414 
  63  194  1.414 
  63  213  1.414 
  63  232  1.414 
  63  251  1.414 
  63  270  1.414 
  63  289  1.414 
  63  308  1.414 
  63  327  1.414 
  63  346  1.414 
  63  365  1.414 
  63  384  1.414 
  64  100  1.414 
  64  119  1.414 
  64  138  1.414 
  64  157  1.414 
  64  176  1.414 
  64  195  1.414 
  64  214  1.414 
  64  233  1.414 
  64  252  1.414 
  64  271  1.414 
  64  290  1.414 
  64  309  1.414 
  64  328  1.414 
  64  347  1.414 
  64  366  1.414 
  64  385  1.414 
  65  120  1.414 
  65  139  1.414 
  65  158  1.414 
  65  177  1.414 
  65  196  1.414 
  65  215  1.414 
  65  234  1.414 
  65  253  1.414 
  65  272  1.414 
  65  291  1.414 
  65  310  1.414 
  65  329  1.414 
  65  348  1.414 
  65  367  1.414 
  65  386  1.414 
  66  140  1.414 
  66  159  1.414 
  66  178  1.414 
  66  197  1.414 
  66  216  1.414 
  66  235  1.414 
  66  254  1.414 
  66  273  1.414 
  66  292  1.414 
  66  311  1.414 
  66  330  1.414 
  66  349  1.414 
  66  368  1.414 
  66  387  1.414 
  67  160  1.414 
  67  179  1.414 
  67  198  1.414 
  67  217  1.414 
  67  236  1.414 
  67  255  1.414 
  67  274  1.414 
  67  293  1.414 
  67  312  1.414 
  67  331  1.414 
  67  350  1.414 
  67  369  1.414 
  67  388  1.414 
  68  180  1.414 
  68  199  1.414 
  68  218  1.414 
  68  237  1.414 
  68  256  1.414 
  68  275  1.414 
  68  294  1.414 
  68  313  1.414 
  68  332  1.414 
  68  351  1.414 
  68  370  1.414 
  68  389  1.414 
  69  200  1.414 
  69  219  1.414 
  69  238  1.414 
  69  257  1.414 
  69  276  1.414 
  69  295  1.414 
  69  314  1.414 
  69  333  1.414 
  69  352  1.414 
  69  371  1.414 
  69  390  1.414 
  70  220  1.414 
  70  239  1.414 
  70  258  1.414 
  70  277  1.414 
  70  296  1.414 
  70  315  1.414 
  70  334  1.414 
  70  353  1.414 
  70  372  1.414 
  70  391  1.414 
  71  240  1.414 
  71  259  1.414 
  71  278  1.414 
  71  297  1.414 
  71  316  1.414 
  71  335  1.414 
  71  354  1.414 
  71  373  1.414 
  71  392  1.414 
  72  260  1.414 
  72  279  1.414 
  72  298  1.414 
  72  317  1.414 
  72  336  1.414 
  72  355  1.414 
  72  374  1.414 
  72  393  1.414 
  73  280  1.414 
  73  299  1.414 
  73  318  1.414 
  73  337  1.414 
  73  356  1.414 
  73  375  1.414 
  73  394  1.414 
  74  300  1.414 
  74  319  1.414 
  74  338  1.414 
  74  357  1.414 
  74  376  1.414 
  74  395  1.414 
  75  320  1.414 
  75  339  1.414 
  75  358  1.414 
  75  377  1.414 
  75  396  1.414 
  76  340  1.414 
  76  359  1.414 
  76  378  1.414 
  76  397  1.414 
  77  360  1.414 
  77  379  1.414 
  77  398  1.414 
  78  380  1.414 
  78  399  1.414 
  79  400  1.414 
  80  381  1.414 
  81  361  1.414 
  81  382  1.414 
  82  341  1.414 
  82  362  1.414 
  82  383  1.414 
  83  321  1.414 
  83  342  1.414 
  83  363  1.414 
  83  384  1.414 
  84  301  1.414 
  84  322  1.414 
  84  343  1.414 
  84  364  1.414 
  84  385  1.414 
  85  281  1.414 
  85  302  1.414 
  85  323  1.414 
  85  344  1.414 
  85  365  1.414 
  85  386  1.414 
  86  261  1.414 
  86  282  1.414 
  86  303  1.414 
  86  324  1.414 
  86  345  1.414 
  86  366  1.414 
  86  387  1.414 
  87  241  1.414 
  87  262  1.414 
  87  283  1.414 
  87  304  1.414 
  87  325  1.414 
  87  346  1.414 
  87  367  1.414 
  87  388  1.414 
  88  221  1.414 
  88  242  1.414 
  88  263  1.414 
  88  284  1.414 
  88  305  1.414 
  88  326  1.414 
  88  347  1.414 
  88  368  1.414 
  88  389  1.414 
  89  201  1.414 
  89  222  1.414 
  89  243  1.414 
  89  264  1.414 
  89  285  1.414 
  89  306  1.414 
  89  327  1.414 
  89  348  1.414 
  89  369  1.414 
  89  390  1.414 
  90  181  1.414 
  90  202  1.414 
  90  223  1.414 
  90  244  1.414 
  90  265  1.414 
  90  286  1.414 
  90  307  1.414 
  90  328  1.414 
  90  349  1.414 
  90  370  1.414 
  90  391  1.414 
  91  161  1.414 
  91  182  1.414 
  91  203  1.414 
  91  224  1.414 
  91  245  1.414 
  91  266  1.414 
  91  287  1.414 
  91  308  1.414 
  91  329  1.414 
  91  350  1.414 
  91  371  1.414 
  91  392  1.414 
  92  141  1.414 
  92  162  1.414 
  92  183  1.414 
  92  204  1.414 
  92  225  1.414 
  92  246  1.414 
  92  267  1.414 
  92  288  1.414 
  92  309  1.414 
  92  330  1.414 
  92  351  1.414 
  92  372  1.414 
  92  393  1.414 
  93  121  1.414 
  93  142  1.414 
  93  163  1.414 
  93  184  1.414 
  93  205  1.414 
  93  226  1.414 
  93  247  1.414 
  93  268  1.414 
  93  289  1.414 
  93  310  1.414 
  93  331  1.414 
  93  352  1.414 
  93  373  1.414 
  93  394  1.414 
  94  101  1.414 
  94  122  1.414 
  94  143  1.414 
  94  164  1.414 
  94  185  1.414 
  94  206  1.414 
  94  227  1.414 
  94  248  1.414 
  94  269  1.414 
  94  290  1.414 
  94  311  1.414 
  94  332  1.414 
  94  353  1.414 
  94  374  1.414 
  94  395  1.414 
  95   81  1.414 
  95  102  1.414 
  95  123  1.414 
  95  144  1.414 
  95  165  1.414 
  95  186  1.414 
  95  207  1.414 
  95  228  1.414 
  95  249  1.414 
  95  270  1.414 
  95  291  1.414 
  95  312  1.414 
  95  333  1.414 
  95  354  1.414 
  95  375  1.414 
  95  396  1.414 
  96   61  1.414 
  96   82  1.414 
  96  103  1.414 
  96  124  1.414 
  96  145  1.414 
  96  166  1.414 
  96  187  1.414 
  96  208  1.414 
  96  229  1.414 
  96  250  1.414 
  96  271  1.414 
  96  292  1.414 
  96  313  1.414 
  96  334  1.414 
  96  355  1.414 
  96  376  1.414 
  96  397  1.414 
  97   41  1.414 
  97   62  1.414 
  97   83  1.414 
  97  104  1.414 
  97  125  1.414 
  97  146  1.414 
  97  167  1.414 
  97  188  1.414 
  97  209  1.414 
  97  230  1.414 
  97  251  1.414 
  97  272  1.414 
  97  293  1.414 
  97  314  1.414 
  97  335  1.414 
  97  356  1.414 
  97  377  1.414 
  97  398  1.414 
  98   21  1.414 
  98   42  1.414 
  98   63  1.414 
  98   84  1.414 
  98  105  1.414 
  98  126  1.414 
  98  147  1.414 
  98  168  1.414 
  98  189  1.414 
  98  210  1.414 
  98  231  1.414 
  98  252  1.414 
  98  273  1.414 
  98  294  1.414 
  98  315  1.414 
  98  336  1.414 
  98  357  1.414 
  98  378  1.414 
  98  399  1.414 
  99    1  1.414 
  99   22  1.414 
  99   43  1.414 
  99   64  1.414 
  99   85  1.414 
  99  106  1.414 
  99  127  1.414 
  99  148  1.414 
  99  169  1.414 
  99  190  1.414 
  99  211  1.414 
  99  232  1.414 
  99  253  1.414 
  99  274  1.414 
  99  295  1.414 
  99  316  1.414 
  99  337  1.414 
  99  358  1.414 
  99  379  1.414 
  99  400  1.414 
 100    2  1.414 
 100   23  1.414 
 100   44  1.414 
 100   65  1.414 
 100   86  1.414 
 100  107  1.414 
 100  128  1.414 
 100  149  1.414 
 100  170  1.414 
 100  191  1.414 
 100  212  1.414 
 100  233  1.414 
 100  254  1.414 
 100  275  1.414 
 100  296  1.414 
 100  317  1.414 
 100  338  1.414 
 100  359  1.414 
 100  380  1.414 
 101    3  1.414 
 101   24  1.414 
 101   45  1.414 
 101   66  1.414 
 101   87  1.414 
 101  108  1.414 
 101  129  1.414 
 101  150  1.414 
 101  171  1.414 
 101  192  1.414 
 101  213  1.414 
 101  234  1.414 
 101  255  1.414 
 101  276  1.414 
 101  297  1.414 
 101  318  1.414 
 101  339  1.414 
 101  360  1.414 
 102    4  1.414 
 102   25  1.414 
 102   46  1.414 
 102   67  1.414 
 102   88  1.414 
 102  109  1.414 
 102  130  1.414 
 102  151  1.414 
 102  172  1.414 
 102  193  1.414 
 102  214  1.414 
 102  235  1.414 
 102  256  1.414 
 102  277  1.414 
 102  298  1.414 
 102  319  1.414 
 102  340  1.414 
 103    5  1.414 
 103   26  1.414 
 103   47  1.414 
 103   68  1.414 
 103   89  1.414 
 103  110  1.414 
 103  131  1.414 
 103  152  1.414 
 103  173  1.414 
 103  194  1.414 
 103  215  1.414 
 103  236  1.414 
 103  257  1.414 
 103  278  1.414 
 103  299  1.414 
 103  320  1.414 
 104    6  1.414 
 104   27  1.414 
 104   48  1.414 
 104   69  1.414 
 104   90  1.414 
 104  111  1.414 
 104  132  1.414 
 104  153  1.414 
 104  174  1.414 
 104  195  1.414 
 104  216  1.414 
 104  237  1.414 
 104  258  1.414 
 104  279  1.414 
 104  300  1.414 
 105    7  1.414 
 105   28  1.414 
 105   49  1.414 
 105   70  1.414 
 105   91  1.414 
 105  112  1.414 
 105  133  1.414 
 105  154  1.414 
 105  175  1.414 
 105  196  1.414 
 105  217  1.414 
 105  238  1.414 
 105  259  1.414 
 105  280  1.414 
 106    8  1.414 
 106   29  1.414 
 106   50  1.414 
 106   71  1.414 
 106   92  1.414 
 106  113  1.414 
 106  134  1.414 
 106  155  1.414 
 106  176  1.414 
 106  197  1.414 
 106  218  1.414 
 106  239  1.414 
 106  260  1.414 
 107    9  1.414 
 107   30  1.414 
 107   51  1.414 
 107   72  1.414 
 107   93  1.414 
 107  114  1.414 
 107  135  1.414 
 107  156  1.414 
 107  177  1.414 
 107  198  1.414 
 107  219  1.414 
 107  240  1.414 
 108   10  1.414 
 108   31  1.414 
 108   52  1.414 
 108   73  1.414 
 108   94  1.414 
 108  115  1.414 
 108  136  1.414 
 108  157  1.414 
 108  178  1.414 
 108  199  1.414 
 108  220  1.414 
 109   11  1.414 
 109   32  1.414 
 109   53  1.414 
 109   74  1.414 
 109   95  1.414 
 109  116  1.414 
 109  137  1.414 
 109  158  1.414 
 109  179  1.414 
 109  200  1.414 
 110   12  1.414 
 110   33  1.414 
 110   54  1.414 
 110   75  1.414 
 110   96  1.414 
 110  117  1.414 
 110  138  1.414 
 110  159  1.414 
 110  180  1.414 
 111   13  1.414 
 111   34  1.414 
 111   55  1.414 
 111   76  1.414 
 111   97  1.414 
 111  118  1.414 
 111  139  1.414 
 111  160  1.414 
 112   14  1.414 
 112   35  1.414 
 112   56  1.414 
 112   77  1.414 
 112   98  1.414 
 112  119  1.414 
 112  140  1.414 
 113   15  1.414 
 113   36  1.414 
 113   57  1.414 
 113   78  1.414 
 113   99  1.414 
 113  120  1.414 
 114   16  1.414 
 114   37  1.414 
 114   58  1.414 
 114   79  1.414 
 114  100  1.414 
 115   17  1.414 
 115   38  1.414 
 115   59  1.414 
 115   80  1.414 
 116   18  1.414 
 116   39  1.414 
 116   60  1.414 
 117   19  1.414 
 117   40  1.414 
 118   20  1.414 
