   1   0.00000 
   2   0.00000 
   3   0.00000 
   4   0.00000 
   5   0.00000 
   6   0.00000 
   7  -0.05000 
   8  -0.10000 
   9  -0.04000 
  10   0.02000 
  11   0.02000 
  12  -0.04000 
  13  -0.10000 
  14  -0.05000 
  15   0.00000 
  16   0.00000 
  17   0.00000 
  18   0.00000 
  19   0.00000 
  20   0.00000 
  21   0.00000 
  22   0.00000 
  23   0.00000 
  24   0.00000 
  25   0.40000 
  26   0.40000 
  27   0.00000 
  28   0.06000 
  29   0.06000 
  30   0.12000 
  31   0.12000 
  32   0.00000 
  33   0.00000 
  34  -0.10000 
  35  -0.40000 
  36  -0.60000 
  37  -0.40000 
  38   0.00000 
  39   0.00000 
  40   0.00000 
  41   0.00000 
  42   0.00000 
  43   0.00000 
  44   0.00000 
  45   0.00000 
  46   0.00000 
  47   0.00000 
  48   0.07070 
  49   0.14140 
  50   0.14140 
  51   0.14140 
  52   0.07070 
  53   0.00000 
  54   0.00000 
  55   0.00000 
  56   0.00000 
  57  -0.02828 
  58   0.12726 
  59   0.19796 
  60   0.08484 
  61   0.08484 
  62   0.04242 
  63  -0.14140 
  64  -0.14140 
  65  -0.14140 
  66  -0.14140 
  67  -0.14140 
  68  -0.21210 
  69  -0.21210 
  70  -0.28280 
  71  -0.14140 
  72   0.00000 
  73   0.00000 
  74   0.00000 
  75   0.00000 
  76   0.00000 
  77   0.00000 
  78   0.00000 
  79   0.00000 
  80   0.00000 
  81   0.00000 
  82   0.00000 
  83   0.00000 
  84   0.00000 
  85   0.00000 
  86   0.00000 
  87   0.07070 
  88   0.14140 
  89   0.14140 
  90   0.14140 
  91   0.07070 
  92   0.00000 
  93   0.00000 
  94   0.00000 
  95   0.00000 
  96  -0.02828 
  97   0.12726 
  98   0.19796 
  99   0.08484 
 100   0.08484 
 101   0.04242 
 102  -0.14140 
 103  -0.14140 
 104  -0.14140 
 105  -0.14140 
 106  -0.14140 
 107  -0.21210 
 108  -0.21210 
 109  -0.28280 
 110  -0.14140 
 111   0.00000 
 112   0.00000 
 113   0.00000 
 114   0.00000 
 115   0.00000 
 116   0.00000 
 117   0.00000 
 118   0.00000 
