   5.0006866       16.838390    
   73.004471       46.278511    
   52.949036       24.706318    
   9.2340069       66.097801    
   66.136658       89.122360    
   39.515182       51.747471    
   79.786873       8.1114693    
   9.8115396       52.673004    
   65.403435       5.6928253    
   39.507393       11.015787    
   42.573734       66.809532    
   58.007896       88.739273    
   81.155014       52.423580    
   13.276825       63.852688    
   42.439926       68.107147    
   86.928871       73.597816    
   28.620756       9.2717934    
   71.247368       34.541077    
   61.937462       73.076935    
   94.193359       37.880470    
